10K & 15K & 20K
   10202           1           1
 1183041           2          63
  807095           3          71
 2384071           4          45
   33423           7          60
    3839          11          21
14075928           9           2
 1344951           8          41
    7846          10          77
 7861312           6         113
  657863           5          51
 5676102          15          31
   10350          12         116
 8071902          19           3
 6123762          16           8

khy , dc , pr
   10202           5          18
 1183041           7           5
  807095          21          15
 2384071          13           7
   33423          40          12
    3839          49          38
14075928           6           4
 1344951         109         118
    7846          15          17
 7861312          18          11
  657863           2           3
 5676102         360         300
   10350          12          14
 8071902          16          49
 6123762          50         142

dc & khy & pr

  813286          16           1
  657863          11           3
 7040932          31           6
  783214          19           2
   10202           1          18
14075928           7           4
 1183041           2           5
    3840        2859          10
 3829151          29           8
  756278          20          22
  734493          70          13
   10350          13          14
 2384071           4           7
   30973          18          20
    7846           9          17


pr , khy , dc
	 813286          16           1
     783214          19           4
     657863          11           2
   14075928           7           6
    1183041           2           7
    7040932          31           3
    2384071           4          13
    3829151          29           9
       2172          25          19
       3840        2859           8
    7861312          10          18
      33423           5          40
     734493          70          11
      10350          13          12
     807095           3          21

khy (l2) , khy(l3) , pr
       10202           1          18
     1183041           5           5
      807095           3          15
     2384071           4           7
       33423          13          12
        3839           2          38
    14075928          15           4
     1344951           9         118
        7846          48          17
     7861312           7          11
      657863          12           3
     5676102          16         300
       10350          61          14
     8071902           6          49
     6123762          19         142