2072 5037
2053 2505
241 3242
4048 4866
673 3439
419 2785
963 5082
963 4362
2505 2053
2505 4296
2505 2006
1466 1494
944 3076
927 1295
4632 3443
1438 3415
2157 931
1153 2562
3710 3954
3710 3568
5037 2072
1651 3616
1800 1987
745 3609
2403 4273
4499 1211
4117 2269
2225 4102
3076 944
2955 3635
4260 3011
4272 4153
830 636
1795 2199
4605 71
1074 4235
1264 1413
2889 4739
2889 4726
2889 390
2889 5073
371 3896
371 582
3754 299
2226 451
3167 1308
319 3556
4873 505
3541 3174
4885 2719
1125 3174
4119 1689
2199 1795
2199 545
528 1124
3434 3187
2001 1792
3779 4663
3609 745
5023 1651
5023 3174
1779 1766
3993 703
2087 1419
2087 4307
505 4873
4976 1464
275 4480
275 1342
275 2264
275 2054
275 2380
275 744
275 1682
275 2435
275 2025
275 4063
275 3819
275 357
2709 338
2709 1958
338 4119
338 2709
338 21
1137 1936
1137 160
1137 4783
1137 1320
1137 4293
1254 867
1254 3773
1778 938
4538 1651
4538 2978
2920 2020
3276 1252
4866 4048
1772 2874
1772 2206
1772 3187
1772 2389
4419 3304
4419 3377
210 105
252 1400
252 1641
4337 3174
4337 281
3762 3209
3762 550
3762 3281
3762 64
787 2438
703 3993
3153 2693
2820 4118
2820 904
1792 2001
2696 4892
1952 3804
1941 1238
1941 2844
1789 3185
2888 3258
2888 825
2469 2401
71 4605
2693 3153
545 1795
545 2199
3208 1576
1815 4227
1815 1933
3407 4272
3407 689
4480 275
1451 1841
1451 2634
3592 4029
3359 1701
619 927
3943 2106
299 3754
299 1467
299 2406
4725 4101
4153 4272
4153 4870
1138 276
1211 4902
2343 1750
3850 3809
1342 275
1342 1858
1342 3833
1342 4862
1918 1303
1593 113
1593 1774
2557 52
854 4204
2264 1342
2264 744
2264 1682
2264 171
2264 4101
3351 3418
3418 3351
3884 3281
3884 3800
2988 1987
2988 2748
1434 4840
1434 1124
1434 4269
3334 3209
1878 4884
1878 2536
1878 3059
1878 3258
1878 4941
1878 1836
1878 1540
1878 1969
2127 1636
2127 3067
2127 3212
2127 3356
2127 4486
5071 2088
4277 2566
2079 792
574 346
5076 3209
5076 3132
52 2557
52 95
4457 2059
753 550
2380 550
2380 463
2380 3197
2732 736
2732 3669
1844 3174
174 3045
744 2264
744 171
744 3921
4884 1836
4884 879
4278 1341
4278 4537
4278 4373
4278 4526
4278 1278
4902 1211
1877 231
1877 747
1190 1463
3934 2150
4383 1747
4383 231
4383 1670
4383 3348
4383 2071
4383 370
4383 259
4383 3831
1804 1295
4441 206
1341 4278
1341 1905
1341 4537
1341 4526
155 3674
1424 3269
66 2740
3229 342
3229 1696
3019 637
3019 295
3269 1424
3804 1952
4074 2103
4074 1925
4074 2292
1359 4024
1359 4313
5088 3091
5088 2605
3035 308
3035 4615
3035 4583
3035 3016
4611 1186
3643 1754
3643 3718
931 2157
454 1031
3508 252
3508 3334
3508 4915
3508 1641
3508 1961
3198 4953
4070 391
2536 2539
4765 2756
3588 1669
4879 712
1682 275
1682 1772
1682 1342
1682 2264
1682 171
1682 2200
1682 4101
1682 3921
4040 1535
4040 3270
140 2171
206 4441
951 1033
951 4755
1940 4536
1940 3870
4227 1815
4227 4770
4227 1377
3603 4896
3603 4346
226 2944
226 382
226 1628
3209 3762
3209 3334
3209 2003
3209 3185
4314 4131
4314 37
4314 1079
4770 4227
4770 2740
4770 1933
2081 1037
2978 4538
1636 2127
1636 3212
1636 2862
1636 3356
1636 4486
1209 2369
1037 2081
3877 3426
4587 3806
924 4155
924 1212
924 3595
4155 924
4155 1212
704 3209
704 21
704 2772
704 3221
704 4171
2532 3015
2532 1547
1747 4383
1747 3348
538 3293
538 1328
538 1533
538 2953
538 584
538 4698
538 3792
3437 2410
437 954
2080 4228
3086 4290
3086 3556
69 4001
69 1369
1009 4260
1858 4415
1858 1673
1858 1485
2020 2920
4130 2935
3557 4036
231 1877
231 4383
231 747
231 244
231 1204
2814 3503
3332 1473
4520 3478
3293 538
3293 2103
3293 3478
3293 3792
2352 946
211 2451
1905 1341
130 783
3067 2127
3067 3212
3067 3356
4075 4763
1942 21
1238 4188
1238 208
1238 1521
4537 3762
4537 2820
4537 4278
4537 1341
4537 1461
4537 2811
4537 4373
4537 4526
4537 1117
4537 4437
4537 1601
5066 2526
5066 2746
3523 4757
3172 1846
2740 946
2086 1419
2086 2667
2086 4231
2086 1621
160 1137
27 4896
27 1839
27 612
27 218
2710 4167
4653 4529
4653 2810
4653 1298
3059 470
3059 2956
171 2264
171 744
171 1682
171 4101
171 3921
4666 3998
4666 2602
846 3375
846 1300
4574 2949
413 3514
413 487
760 1114
760 4296
1461 1338
2812 3902
4783 1320
4783 2844
4783 3682
4783 558
4783 637
4783 4154
1140 348
2667 3334
816 3904
4068 2721
2893 1569
2893 21
712 4879
1186 4611
1320 1137
1320 4783
1320 21
2428 5104
4564 2316
954 437
1569 2893
495 4186
2207 3762
2207 2820
2207 2778
3620 2574
3620 4202
3620 4189
2676 2853
2456 1846
2944 1669
3847 4624
4624 4953
242 1092
2718 880
736 2732
2493 261
4118 2820
4566 4291
3025 4293
3025 3724
3025 1084
3212 2127
3212 3067
3212 2862
3212 3356
3212 835
3212 303
3853 2197
3866 1719
3866 992
3866 5124
1723 2536
4295 4285
4295 1616
4295 1686
1302 3855
3174 1125
3174 1844
3174 308
4757 3523
4293 747
2357 2973
2357 801
3147 1722
1766 1779
1766 2025
1766 2058
1766 3896
121 1163
21 704
21 2740
21 2893
21 1320
21 244
21 4228
657 1765
2811 64
396 27
396 3174
396 3902
616 4055
4373 4278
4373 904
4373 3187
915 391
564 1265
3479 3914
3479 1033
1265 564
2836 418
3258 2888
3258 281
3258 2096
2844 1941
2844 4783
2844 4874
2844 2062
3676 1789
3676 1136
3 1786
3 175
784 3323
3582 489
1116 3563
2238 842
4877 1842
4102 4443
3372 1651
3372 3885
3372 4874
3372 2605
3372 3829
1670 4383
1670 3439
1670 2071
1405 2011
1405 312
1405 1325
3691 274
3316 1550
3316 1259
3316 440
3316 1904
3316 2295
1987 1800
1987 2988
1987 1039
1987 2748
1212 924
318 2861
4529 4653
2719 4885
713 4335
2697 316
228 4519
1159 4027
470 3059
470 3538
3132 1507
3132 3257
3538 470
2317 3209
2317 343
2679 1845
489 4293
489 3582
681 213
2431 3083
1523 4027
3426 4739
3426 3285
3426 1300
1836 4884
343 2317
550 2451
3439 673
3439 1670
3439 4577
3682 4783
1750 2343
2139 5019
2139 4000
2566 4277
2566 1616
4763 4075
463 2380
463 1682
463 4387
1754 3643
48 2804
1529 3025
316 2697
4430 3302
4430 5050
4254 2712
4335 713
3514 413
3514 487
4865 3620
4865 4202
4865 2816
2103 4074
2103 3293
2103 5073
3855 1302
1295 927
1295 1804
3616 1651
3616 64
4862 1342
2645 1540
1767 1051
4671 3393
1879 3912
4035 941
941 4035
2003 3209
2171 140
277 2960
277 907
4867 3214
747 1877
747 231
3914 4624
3914 3479
2113 4758
2300 3185
3683 3348
3683 4202
1319 3463
1319 5032
3375 846
3361 4849
1845 2679
768 2312
3185 1789
3185 3209
3185 2300
3185 192
244 21
3345 3435
3345 2356
3127 2231
1124 528
1124 1434
1124 4269
4723 1957
605 308
605 136
605 677
605 4841
1841 1451
1841 2634
2286 4608
4338 2761
4536 1940
4536 4718
4536 1577
3302 4430
1358 440
1358 4202
1925 4074
1925 2740
2513 4708
2464 4034
1518 3954
1232 4988
4271 2803
1114 760
1114 2605
51 1433
1303 1918
824 4247
431 213
2996 2334
4947 4466
4947 987
4947 4255
4947 218
261 2493
261 1084
261 1222
261 24
4106 4546
4106 4269
946 2352
4680 2740
4680 1569
5097 2169
4228 2080
4228 21
4228 2460
3348 1747
3285 3426
3199 3912
3199 1007
3199 3279
3199 2712
3199 4202
1949 5072
1949 5085
1949 3774
3149 4202
4526 4278
4526 1341
4526 1117
1163 121
1163 4382
4390 99
1753 1084
2312 768
2356 3345
4874 830
4874 1952
4874 2844
4874 3372
4874 294
4874 3829
4874 3394
829 4411
829 332
2575 4467
1413 1264
3091 2605
2472 1362
2472 4626
2472 1669
562 244
2960 277
4455 195
391 4070
391 915
100 308
3115 4593
3115 2004
3115 4294
3115 2650
3115 65
123 4830
2772 3338
1846 3172
3550 4591
3550 4255
3550 4687
1871 2526
1960 1617
3026 1961
5072 1949
5072 5085
5072 3774
4626 3539
3549 3197
3595 924
3912 1879
3912 3199
2862 3212
2862 303
2840 732
1507 3132
1507 3851
1507 1673
2200 1682
2200 4389
4389 2200
1535 3539
1535 4522
1535 2182
1173 4710
1173 3967
4591 3
4591 3550
4591 1084
4591 1608
4591 960
4591 3289
4591 3264
4591 664
4591 175
938 1778
1842 4877
2585 2326
3356 3067
3356 3219
503 1591
4049 3170
177 2556
177 835
177 3904
281 4337
281 3258
281 4999
281 3215
281 1081
281 2096
281 4533
281 2898
281 879
3724 3025
3724 4111
3724 64
612 27
612 3893
1669 3588
1669 860
3844 2923
3581 3427
3581 1092
1416 4194
4466 987
1084 261
1084 5049
1084 1654
1084 2535
1084 2510
3118 136
1328 538
1328 1034
1328 1983
2297 136
2297 2618
2727 4476
567 3129
4375 897
3281 3884
2956 3059
4848 1772
4848 605
2605 3091
2605 595
2173 2320
3338 2772
3338 1326
3338 3467
3338 1344
3338 1485
1549 2390
2556 177
1055 4165
1055 2853
1608 4591
2785 419
2785 874
2791 4228
2791 2005
3784 4171
4694 4575
4694 2439
1533 538
1533 3446
1533 370
1533 3277
558 4783
2025 275
2025 4063
2025 3197
2025 1013
2025 357
1574 3914
1574 2605
2460 4228
3304 4419
3894 856
382 226
4726 2889
4991 4972
4991 49
4111 3724
2369 1209
2058 1766
2296 3918
3232 502
3232 388
3232 2292
3232 4678
3232 2179
4422 4390
4422 123
4422 2625
2737 4011
4775 5005
4775 3522
595 2605
960 4591
960 3478
960 3123
960 664
960 1261
960 3939
960 181
4259 4424
860 1669
3366 1324
5059 3893
835 3212
835 177
835 303
1031 454
1031 5044
2273 4577
2273 4804
4577 3439
4577 2273
4577 4804
390 1576
3446 44
4203 3543
2665 2459
4190 2059
5049 3427
5049 5031
5049 2654
4024 1359
4024 5073
2775 2740
3189 4139
3189 1870
276 1138
1002 4308
1002 5003
4290 3086
4290 2740
423 3206
423 1758
446 2993
446 3686
1566 1882
1566 3524
3673 1736
165 5005
4852 3123
4907 1320
4907 219
4907 5104
2953 538
3693 1553
3543 4203
4321 1669
4321 754
773 176
773 1073
773 1220
1689 4119
1585 1049
5083 1705
1033 951
3929 1230
2071 4383
2071 1670
2071 3912
3795 3015
3795 3122
5019 2139
5019 4000
1864 1421
2276 306
3960 1858
3173 1872
1452 3436
2459 408
2459 2665
440 3316
440 1358
440 4202
1308 3167
4000 2139
4000 5019
3661 4383
3661 2099
3661 4171
4051 209
5015 664
5015 3986
5015 3497
1345 2736
4255 3550
4255 2062
1025 177
1719 1777
2124 2058
2124 3428
3586 2510
3981 1958
2059 2151
64 3762
64 1461
64 2811
64 3616
64 2237
64 946
64 3724
3244 1326
3323 784
4285 4295
4285 4536
1222 3491
1222 261
1222 3859
613 2654
4511 392
4934 3267
4934 2967
3095 3094
4836 2572
50 3181
1326 3244
1326 4174
2564 2598
1629 2763
342 3229
3544 5071
1278 2820
1278 4278
1278 2811
1278 880
4063 275
4063 1871
4063 2025
374 4099
1324 3366
4625 1673
4625 3123
4625 230
4625 4001
992 4385
992 5124
1213 3524
4972 4991
4972 49
218 1167
4467 4503
4467 2575
4467 2303
4467 2006
4467 3072
49 4991
49 4972
881 2321
4758 2113
4593 3115
4593 61
3427 550
3427 3581
3427 5049
3427 5031
3427 502
3427 2654
3427 4832
3427 710
4385 992
1034 2942
1034 3478
2325 1858
2325 550
2325 1167
2325 2802
3688 462
907 277
1331 2896
3224 3280
3224 2608
3224 2326
3224 4139
3224 5090
4575 4694
4575 1501
2615 2293
1136 3676
2530 19
4579 3645
3221 704
3221 3503
3503 3221
1660 3541
1660 4783
1660 4293
3023 4411
2733 4008
2569 84
2569 3859
1519 654
1519 2094
1519 4855
3428 2124
1230 3929
1230 973
405 1281
3563 1116
294 4874
1377 4227
4090 4202
353 4202
4269 528
4269 1434
4269 1124
4269 4106
84 4005
4174 1326
4771 2048
732 2840
732 3280
3669 2732
3669 2011
136 2708
136 4870
689 3407
3506 4807
2249 1482
4171 704
4171 3784
4171 3661
4171 4351
2151 2059
3320 4999
3320 2096
3320 2898
2573 61
4999 281
4999 3320
4999 2096
3674 155
1687 1454
3015 2532
3015 88
3015 4091
5031 5049
5031 3427
5031 2654
258 3147
258 4739
258 2649
258 2967
2797 1363
1654 1084
513 521
500 3539
500 1780
3289 4591
3289 2411
213 681
213 701
295 3019
3556 3086
1363 2797
1576 3208
1576 390
4188 1238
4370 306
2011 3669
739 2587
897 4375
724 1619
3280 3224
3280 732
3280 2608
3280 4139
3280 2467
3280 5090
1464 4976
1464 2031
2649 4624
3932 956
2005 2791
2712 3199
2712 3279
2712 652
5062 1669
5062 1034
5062 306
2551 5104
2551 3265
1628 2569
3377 4419
176 773
176 1073
865 4622
4969 157
731 3466
731 906
4027 1159
4027 1523
4755 951
1701 3359
1346 356
1346 1480
1346 4715
3756 3605
4165 1055
1470 977
2424 3378
2424 506
2942 1034
2942 1368
4792 3550
4792 4255
4792 3791
4792 3831
3145 906
3190 2278
4131 4314
880 4383
3466 731
3466 3192
1837 409
1837 2128
4073 4154
2741 612
2741 2874
2741 4346
3107 2743
906 3145
2518 4100
2443 3222
2763 1629
4348 3686
417 150
4482 3859
4476 100
1958 2709
1958 3981
1958 1177
3443 4632
5085 1949
5085 5072
874 2785
874 4832
1882 1566
1882 230
1882 3436
1882 2711
1882 3524
723 1905
723 3986
723 3497
5028 4087
1896 2453
370 4383
370 1533
370 3368
370 3625
370 3267
737 1217
3453 3353
4004 968
3467 3338
3645 4579
1916 4031
4011 1518
4011 2737
4710 3904
2108 4688
4313 1359
4313 4931
4411 829
4411 3023
4411 332
3197 3549
3197 2025
3197 3956
3197 4387
3197 4093
3197 582
2743 1034
2743 3107
2743 654
2006 664
2006 2412
1736 3673
3849 1391
3849 3040
426 1569
426 4536
426 4171
3651 1768
3651 1967
3478 4678
469 3187
1954 1130
1954 4548
1954 658
462 3688
61 510
61 4593
61 2573
61 1687
1217 737
3222 2443
2804 48
2804 4051
2804 209
4437 4832
4437 4160
3205 2115
1616 2566
4055 616
5046 1773
5124 992
1344 3338
2608 3280
2608 5090
148 2887
444 2273
444 1617
2334 2996
4008 2733
2853 1055
2853 4165
3264 4591
677 605
2594 1051
4194 1416
1338 1461
1338 904
3123 4852
3463 1319
3463 2395
792 2079
792 564
792 1265
1313 5072
1313 5085
690 3192
639 4122
2535 3676
2535 3336
2535 2699
2535 3452
1696 3229
1934 3877
1333 1423
3192 690
3192 1752
1686 4295
4346 3603
4346 2741
192 3185
4101 4725
4101 2264
4101 1682
4101 3921
2778 1325
1999 1738
1999 1818
3605 3756
230 3413
230 4625
230 4558
230 4506
303 3212
303 2862
303 835
303 1566
303 4202
3064 667
903 3762
903 1601
903 904
872 2282
2150 3934
3735 3436
3735 4091
2861 318
2935 4130
4719 3325
3893 612
3893 5059
3893 4648
4935 1992
4558 230
4558 2906
4065 1931
2521 4770
2521 2883
1482 2249
2316 4564
2316 4985
3397 3459
2293 2615
2278 3190
1580 1152
3214 4867
3214 2213
2206 3187
3122 3795
37 4314
2414 4428
2414 4960
2438 787
2438 4913
2634 1451
2634 1841
1926 5090
1945 4314
3406 4983
3406 3015
1300 846
356 3503
356 1346
3436 267
2625 1177
2004 1093
392 4511
633 1177
842 2238
339 1084
339 2780
3325 4719
28 3541
1049 1585
2040 4083
5045 4977
5045 705
2598 2564
4548 1954
4548 3417
4548 4679
4945 2309
312 1405
312 1103
312 2094
617 158
617 1420
3319 2569
783 130
195 4455
195 2363
195 3436
383 4565
5073 2103
5073 4024
5073 732
5073 4346
5073 3944
586 4034
4931 4313
5009 3920
4181 3186
1848 3944
759 3546
764 3182
3353 3453
2992 4930
216 3287
4953 3198
4953 4624
4953 518
658 1954
658 4548
3215 281
502 3427
502 239
4735 1325
1485 3338
4270 2412
4791 504
4791 3490
1992 4935
3896 371
3896 1766
3896 582
3896 825
1185 194
1185 218
1185 2708
4116 5073
2626 2410
1919 494
1919 1555
209 4051
209 2804
507 1757
4162 1633
3020 3044
1872 744
1872 3173
2640 1108
2708 136
2326 2585
1467 299
1467 2406
664 960
664 5015
2602 4666
1261 960
1073 773
1073 176
1494 1466
4031 1916
3152 529
4456 21
4456 48
4456 272
3013 1773
4154 4783
4154 4073
1486 10
274 3691
1774 1593
4223 4664
1421 1864
1421 3380
4657 1002
3029 4576
388 3232
4367 3526
4100 2518
3526 4367
1012 2630
1012 4329
1621 2086
1957 4723
4001 1369
4281 5001
3380 1421
3380 3835
4796 4185
3083 2431
3083 2737
88 3015
3228 4277
3228 2667
3228 881
3228 3197
3228 3849
3793 1870
306 2276
306 4370
4943 2535
1501 4575
1501 4565
1086 3738
3738 1086
2816 4865
10 1486
10 4236
2039 4930
5104 2428
5104 4907
3986 1905
3986 5015
3986 723
3986 3757
3986 3497
259 4383
504 4791
1092 3581
1092 3446
4291 4566
654 2743
654 2094
4034 2464
4034 586
2883 2521
1484 2241
1484 2678
1123 1019
3835 3380
2243 1034
1473 3332
1555 1919
99 4390
99 1177
4977 5045
157 4969
157 1786
1281 405
1553 3693
3282 2190
1144 3849
3859 2569
3859 4482
584 538
584 4565
1757 507
2918 4190
705 5045
4913 328
4913 56
4913 2438
4913 4428
4139 3224
4139 3280
4139 3613
4139 5090
1780 500
4087 5028
2711 1212
4083 2040
441 179
2949 4574
2213 2278
2579 267
1132 1215
4870 4153
3806 4587
2860 1924
667 3064
4924 4014
1368 2942
2654 5049
2654 3427
2654 5031
1951 2962
2320 2173
208 1238
2395 1924
529 3152
1152 1580
3130 2812
4849 3361
3045 272
1079 4314
4197 1619
3870 1940
3870 1669
973 1230
973 4855
418 3086
418 2836
418 784
418 4588
418 2606
418 5057
418 375
418 520
4599 1204
2282 872
1521 1238
1521 2844
3810 1144
4576 3029
701 213
5003 1002
4216 4934
1752 3192
4891 4262
4664 4223
2267 1391
2267 1600
2267 729
923 3649
3371 3566
1103 312
2906 4558
72 3737
1019 1123
2190 3282
2190 1492
3976 1678
4122 639
4262 4891
1773 5046
1773 3013
1773 2619
1922 825
634 3545
3072 4390
2288 1983
2288 1092
2288 4527
2288 4169
2524 5040
2269 4117
1433 51
3257 3132
2736 1345
5040 2524
3287 216
4832 3427
4832 874
4832 4437
4189 3620
2871 3280
3967 1173
1298 4653
1298 4529
3649 923
3522 3086
3062 622
4551 1695
4551 3270
1093 2004
1039 3067
1039 1987
1039 118
1039 2748
3774 1949
1641 252
1641 3508
3444 392
2346 3904
1122 4387
3904 244
3904 177
3904 2346
3593 3998
2650 3115
4522 1535
4522 3270
1215 1132
3566 3371
1325 4735
4428 4706
4428 2414
4428 4913
4428 4960
3944 5073
1786 3
1786 370
1786 157
711 2695
3415 1438
1081 281
1081 2096
4687 4886
4687 3550
4687 1389
4687 17
175 3
175 4591
4091 3015
1013 357
4804 2273
4804 4577
2205 1469
2205 825
2205 1480
2205 4715
3568 3710
3737 72
3902 2812
3902 990
449 3436
4454 3897
2096 3258
2096 4999
2096 1081
2096 2898
3819 5125
2062 2844
2062 4255
406 2190
4160 4437
5129 1669
5129 1040
3277 1533
3277 5044
2241 1484
2182 1535
904 2820
904 4373
904 1338
904 903
904 1601
2399 737
2145 722
1177 1958
1177 2625
1177 633
1177 4005
1177 959
3921 744
3921 1682
3921 171
3921 3440
3921 4101
2231 3127
930 3492
722 2145
5100 3123
1508 5005
4686 2908
3516 1750
3516 1152
3516 2032
3516 2085
2526 5066
2526 1871
3791 4792
4185 4796
2467 3280
5125 3595
5125 3197
5125 3819
5125 4387
5125 357
5125 4930
487 3514
2049 358
4533 281
1867 2842
3490 4791
2453 1896
2746 5066
3452 4807
928 1035
710 2352
710 5049
710 3427
4387 3086
4387 3595
4387 3197
4387 1122
4387 5125
4387 357
4387 3920
1065 476
2572 4836
2236 4698
3459 3397
16 3138
1369 69
1369 4001
4985 2316
2122 1882
2122 3835
4429 1789
4429 2483
4996 2119
2896 1331
451 2226
4698 538
4698 2236
582 3896
19 2530
1469 2205
4565 3086
4565 383
4565 1501
4565 584
4960 2414
1961 3026
2993 446
357 3956
357 1013
357 5125
357 4387
1051 1767
1051 2594
4930 2039
4930 5125
1557 5031
346 574
3186 4181
158 617
2619 1773
3219 3356
1139 4934
4614 1093
2094 2439
2032 3516
2032 2085
1591 503
3187 3434
3187 1772
3187 469
3187 2206
825 300
4615 3035
4615 272
2908 4686
2973 2357
2973 801
2721 4068
55 4397
2406 1467
4445 177
3792 3293
476 1065
2292 3232
2292 3605
1353 2394
870 3133
856 3894
267 3436
409 1837
409 2128
3394 3471
3394 2228
3394 4874
3394 3974
518 4953
3044 3020
358 2049
358 4030
1870 3189
1870 3793
2748 2988
2748 1987
2748 1039
3393 4671
3393 244
4556 2439
4679 4548
4830 123
2389 3187
3939 3478
4648 3893
2085 2032
2191 2631
4397 55
5050 4430
1480 2205
4678 3478
1931 4065
2277 2779
3546 759
3757 3986
3897 4454
801 2357
801 2973
774 3544
774 4116
774 2236
774 4698
774 2136
3497 5015
3497 3986
3497 2967
3497 5090
300 664
300 825
3046 1734
3686 2559
3686 4348
4608 2286
2295 3316
4688 2108
2539 2536
5032 2867
5032 1319
332 4411
2631 2191
1205 633
5090 3280
5090 2608
5090 3497
2136 4698
181 960
2128 1837
2128 409
1547 2532
1547 789
3133 870
5001 4281
3255 988
1180 780
2439 4694
2439 2094
977 1470
4493 1092
2898 3320
1060 1846
1060 4389
1060 2874
1060 2206
